0.2f
20 20
00000000000000000000
^0000000000000000000
00000000000000000000
00000000000000000000
00000000000000000000
00000000000000000000
00000000000000000000
0000000000000000000^
00000000000000000000
00000000000000000000
00000000000000000000
00000000000000000000
00000000000000000000
00000000000000000000
00000000000000000000
00000000000000000000
00000000000000000000
00000000000000000000
00000000000000000000
00000000000000000000
NEIGHBOUR
VACANT_M_1 VACANT_M_1 VACANT_M_1 VACANT_M_1
LINK/START
c1 0 1 0 0
f 19 7 0 0